1	16222	529	70	40	16861
1	184840	60461	662	3971	249934
1	210659	82627	802	6366	300454
1	17057	7216	205	174	24652
1	17118	6599	194	325	24236
1	17344	8710	222	317	26593
1	10897	640	25	4	11566
1	10847	550	23	4	11424
1	10692	307	36	27	11062
1	10975	353	13	2	11343
1	10791	157	13	7	10968
1	10635	14585	282	67	25569
1	15665	15702	295	64	31726
1	15655	56291	318	47	72311
1	10698	142	13	5	10858
1	10635	110	9	3	10757
1	10654	153	16	8	10831
1	10617	121	7	2	10747
1	10684	121	11	4	10820
1	15644	127	8	3	15782
1	11277	1754	135	50	13216
1	10814	819	70	48	11751
1	11027	1015	98	96	12236
1	11073	964	99	101	12237
1	10803	363	43	12	11221
1	10815	1408	46	10	12279
1	48463	19335	23	4	67825
1	43539	50139	53	8	93739
1	48515	39715	65	12	88307
1	44945	75119	66	12	120142
1	11098	627	40	34	11799
1	11051	579	44	54	11728
1	11142	591	46	50	11829
1	11174	810	51	40	12075
1	11085	567	46	43	11741
1	11133	601	54	46	11834
1	10704	453	52	11	11220
1	10753	611	48	29	11441
1	10677	661	57	19	11414
1	10761	680	48	12	11501
1	10593	287	40	13	10933
1	10720	685	46	14	11465
1	10598	291	24	5	10918
1	11069	550	44	35	11698
1	11094	569	36	42	11741
1	11032	515	36	32	11615
1	10965	493	29	23	11510
1	10779	345	6	5	11135
1	10942	411	19	8	11380
1	10773	369	10	4	11156
1	10818	381	15	4	11218
1	10874	382	16	6	11278
1	10859	400	15	6	11280
1	10815	376	16	6	11213
1	10607	324	23	5	10959
1	10729	496	44	12	11281
1	10800	636	44	16	11496
1	10739	529	45	16	11329
1	10642	274	40	11	10968
1	17457	8547	858	1472	28334
1	17239	7698	867	1385	27189
1	17043	11149	861	2182	31235
1	17048	9575	878	1745	29246
1	16772	9249	913	2168	29102
1	10807	662	53	22	11544
1	10815	719	79	15	11628
1	206491	77148	729	6333	290701
1	209739	81345	751	6866	298701
1	207479	83749	772	8032	300032
1	141707	462879	1209	3489	609284
1	119778	301243	1040	2974	425035
1	191588	146816	263	632	339299
1	138854	197668	288	718	337528
1	0	112056	332	549	112937
1	0	120490	309	466	121265
1	0	120159	294	669	121122
1	0	129802	256	516	130574
1	0	126038	294	544	126876
1	0	115253	277	522	116052
1	134019	182225	269	631	317144
1	145280	149714	284	666	295944
1	140477	179889	254	751	321371
1	141053	152764	274	719	294810
1	0	131530	327	647	132504
1	0	128274	261	656	129191
1	0	138735	289	703	139727
1	0	131328	309	964	132601
1	137804	174581	314	1486	314185
1	146222	166315	287	855	313679
1	0	139181	371	674	140226
1	145267	160460	327	767	306821
1	136658	138305	290	734	275987
1	125184	160390	288	748	286610
1	130001	145606	275	754	276636
1	10862	295	20	3	11180
1	10936	404	15	1	11356
1	10772	182	20	1	10975
1	10711	181	16	1	10909
1	10697	182	25	2	10906
1	10665	54	4	1	10724
1	199080	72739	747	6220	278786
1	195130	74807	737	6490	277164
1	197884	73378	772	6069	278103
1	112810	138522	247	540	252119
1	195677	178831	269	976	375753
1	79310	169638	222	473	249643
1	179883	330120	1323	4186	515512
1	0	277783	1327	4513	283623
1	0	273785	1308	4188	279281
1	0	276634	1287	4096	282017
1	0	274942	1321	4155	280418
1	0	272117	1313	3892	277322
1	0	277717	1308	4219	283244
1	0	271991	1320	3836	277147
1	0	272634	1285	4062	277981
1	0	279793	1324	3897	285014
1	0	276496	1299	4247	282042
1	0	272191	1308	4053	277552
1	0	277591	1555	5682	284828
1	0	268907	1544	5902	276353
1	0	272723	1531	6281	280535
1	0	274922	1547	5719	282188
1	178181	149619	273	913	328986
1	0	120516	276	719	121511
1	0	124509	276	829	125614
1	0	125330	302	765	126397
1	0	122609	254	758	123621
1	0	128251	268	783	129302
1	190816	108657	209	738	300420
1	0	99559	234	568	100361
1	0	101261	225	527	102013
1	181423	99215	203	581	281422
1	177834	100389	207	501	278931
1	184433	104523	172	425	289553
1	178721	75947	151	295	255114
1	175962	67008	141	217	243328
1	174635	74426	140	187	249388
1	171582	59459	123	175	231339
1	176954	49188	97	116	226355
1	173616	61716	89	109	235530
1	192246	399306	1316	4180	597048
1	0	276269	1325	4642	282236
1	0	274968	1342	4080	280390
1	0	280709	1304	3901	285914
1	0	277020	1323	3778	282121
1	0	274399	1300	3971	279670
1	213158	458985	1646	6485	680274
1	0	286380	1573	6595	294548
1	0	282902	1562	5649	290113
1	0	288498	1621	6441	296560
1	0	281318	1557	6056	288931
1	0	289651	1616	5802	297069
1	0	277637	1592	6071	285300
1	0	279728	1599	5776	287103
1	0	280886	1649	6374	288909
1	0	286408	1599	5742	293749
1	0	280980	1576	6588	289144
1	0	277616	1545	6339	285500
1	0	273701	1538	5718	280957
1	0	279876	1582	6507	287965
1	206662	423624	1405	4529	636220
1	193700	352117	1123	4525	551465
1	0	285295	1262	4136	290694
1	0	294695	1310	4345	300350
1	0	293104	1270	3996	298370
1	0	297315	1321	4307	302943
1	0	294428	1316	4201	299945
1	200539	65777	177	306	266799
1	0	74368	231	292	74891
1	0	67857	181	285	68323
1	0	69858	190	276	70324
1	0	79861	196	291	80348
1	0	70809	174	262	71245
1	0	69301	173	223	69697
1	0	79551	213	326	80090
1	0	72648	174	211	73033
1	0	66140	151	227	66518
1	0	67172	169	248	67589
1	0	67763	151	209	68123
1	0	63004	176	212	63392
1	0	66024	173	194	66391
1	0	70559	194	264	71017
1	0	67574	185	231	67990
1	0	79280	191	245	79716
1	0	78844	182	220	79246
1	0	66390	147	191	66728
1	0	76524	181	219	76924
1	0	70975	187	255	71417
1	0	73026	168	182	73376
1	0	72723	173	216	73112
1	0	67506	167	186	67859
1	0	81485	235	285	82005
1	0	80718	178	220	81116
1	0	80603	161	187	80951
1	199580	63011	136	194	262921
1	0	66631	156	200	66987
1	0	55483	131	131	55745
1	0	56597	129	161	56887
1	0	55221	142	140	55503
1	0	62167	139	114	62420
1	0	60822	129	138	61089
1	0	57919	166	165	58250
1	0	57785	153	138	58076
1	0	54007	120	129	54256
1	0	53480	141	144	53765
1	0	60887	127	128	61142
1	0	54653	122	125	54900
1	0	52144	127	136	52407
1	0	52326	150	118	52594
1	0	50608	139	121	50868
1	0	57803	136	115	58054
1	0	49348	131	121	49600
1	0	53521	124	123	53768
1	0	58813	122	125	59060
1	0	52830	131	120	53081
1	0	56801	124	130	57055
1	0	61389	130	136	61655
1	0	52372	135	129	52636
1	191026	61281	109	126	252542
1	0	42872	109	87	43068
1	0	45163	97	87	45347
1	0	47131	120	123	47374
1	0	48974	117	108	49199
1	0	45410	123	100	45633
1	0	46426	100	91	46617
1	0	47783	104	111	47998
1	0	55467	113	121	55701
1	0	52660	111	101	52872
1	0	52828	115	108	53051
1	0	47237	115	82	47434
1	0	48722	112	108	48942
1	0	52630	108	103	52841
1	0	49602	130	94	49826
1	0	53146	108	96	53350
1	0	53037	129	117	53283
1	0	52102	139	103	52344
1	0	43891	106	83	44080
1	0	45775	104	93	45972
1	0	45224	134	104	45462
1	0	52866	104	96	53066
1	0	61982	107	110	62199
1	0	53936	103	101	54140
1	0	47448	132	119	47699
